{
 "cells": [
  {
   "cell_type": "code",
   "execution_count": 116,
   "metadata": {},
   "outputs": [
    {
     "name": "stdout",
     "output_type": "stream",
     "text": [
      "The autoreload extension is already loaded. To reload it, use:\n",
      "  %reload_ext autoreload\n"
     ]
    }
   ],
   "source": [
    "import numpy as np\n",
    "import scipy.integrate as integrate\n",
    "from numpy.linalg import inv\n",
    "import math as m\n",
    "from functions import *\n",
    "import importlib\n",
    "\n",
    "%load_ext autoreload\n",
    "\n",
    "%autoreload 2\n",
    "\n",
    "np.set_printoptions(suppress=True)"
   ]
  },
  {
   "attachments": {},
   "cell_type": "markdown",
   "metadata": {},
   "source": [
    "This next block will create a class for all of our inputs to be placed into. This will allow for all inputs to have easily accessed names, values, and units."
   ]
  },
  {
   "cell_type": "code",
   "execution_count": 117,
   "metadata": {},
   "outputs": [],
   "source": [
    "class Input:\n",
    "    def __init__(self, name, value, unit):\n",
    "        self.name = name\n",
    "        self.value = value\n",
    "        #self.valueType = type(value)\n",
    "        self.unit = unit\n",
    "    \n",
    "    def printValues(self):\n",
    "        print(\"\\n\")\n",
    "        for attr, value in self.__dict__.items():\n",
    "            print(f\"{attr}: {value}\")"
   ]
  },
  {
   "attachments": {},
   "cell_type": "markdown",
   "metadata": {},
   "source": [
    "# Please fill in all inputs and their units below\n",
    "# v v v v v v v v v v v v v v v v v v v v v v v v v v v v v v v v v v v v v v v "
   ]
  },
  {
   "cell_type": "markdown",
   "metadata": {},
   "source": [
    "For Reference: Units Set: MPa, mm2, mm, N"
   ]
  },
  {
   "cell_type": "code",
   "execution_count": 118,
   "metadata": {},
   "outputs": [],
   "source": [
    "YoungsModulus = 120000\n",
    "YM_Unit = \"MPa\"\n",
    "\n",
    "Area = 500\n",
    "A_Unit = \"mm2\"\n",
    "\n",
    "P = -10000\n",
    "Force_Unit = \"N\"\n",
    "\n",
    "# node connections for each element\n",
    "nArray = np.array([[1,2], [1,3], [1,4], [2,4], [3,4], [3,5], [3,6], [4,6], [5,6], [5,7], [5,8], [6,8], [7,8], [7,9], [8,9]])\n",
    "\n",
    "# list of lengths corresponding to each element\n",
    "# the length of element n is contained in lengths\n",
    "lArray = np.array([5, 3, 4.8023431781, 3.25, 3.75, 3, 3.905124838, 3.25, 2.5, 3, 3.25, 3.25, 1.25, 3, 3.25])\n",
    "lArray *= 1000\n",
    "\n",
    "Length_unit = \"mm\"\n",
    "\n",
    "# list of angles relative to positive x axis for each element\n",
    "theta = m.asin(5/13)\n",
    "aArray = np.array([(1.5*m.pi), 0, -(m.atan(3.75/3)), theta, 1.5*m.pi, 0, -(m.atan(2.5/3)), theta, 1.5*m.pi, 0, -(m.atan(1.25/3)), theta, 1.5*m.pi, 0, theta])\n",
    "\n",
    "Angle_unit = \"rad\"\n",
    "\n",
    "# input boundary conditions below\n",
    "# for displacements: [node#, u, v]\n",
    "# for forces: [node#, Fx, Fy]\n",
    "\n",
    "uv_BCs = np.array([[1, 0, 0],[2, 0, None]])\n",
    "\n",
    "force_BCs = np.array([[1, None, None], [2, None, 0], [3, 0, P],[5, 0, P], [7, 0, P], [9, 0, P]])\n",
    "\n",
    "if len(aArray) != len(lArray) or len(nArray) != len(lArray) or len(nArray) != len(aArray):\n",
    "    print(\"Error! Inputs do not have the same amount of nodes or elements!\")"
   ]
  },
  {
   "attachments": {},
   "cell_type": "markdown",
   "metadata": {},
   "source": [
    "# ^^^^^^^^^^^^^^^^^^^^^^^^^^^^^^^^^^^^^^^^^^^"
   ]
  },
  {
   "cell_type": "code",
   "execution_count": 119,
   "metadata": {},
   "outputs": [
    {
     "name": "stdout",
     "output_type": "stream",
     "text": [
      "\n",
      "\n",
      "name: Node numbers\n",
      "value: [[1 2]\n",
      " [1 3]\n",
      " [1 4]\n",
      " [2 4]\n",
      " [3 4]\n",
      " [3 5]\n",
      " [3 6]\n",
      " [4 6]\n",
      " [5 6]\n",
      " [5 7]\n",
      " [5 8]\n",
      " [6 8]\n",
      " [7 8]\n",
      " [7 9]\n",
      " [8 9]]\n",
      "unit: None\n",
      "\n",
      "\n",
      "name: Lengths\n",
      "value: [5000.        3000.        4802.3431781 3250.        3750.\n",
      " 3000.        3905.124838  3250.        2500.        3000.\n",
      " 3250.        3250.        1250.        3000.        3250.       ]\n",
      "unit: mm\n",
      "\n",
      "\n",
      "name: Element Angles (relative to the positive x axis)\n",
      "value: [ 4.71238898  0.         -0.89605538  0.39479112  4.71238898  0.\n",
      " -0.69473828  0.39479112  4.71238898  0.         -0.39479112  0.39479112\n",
      "  4.71238898  0.          0.39479112]\n",
      "unit: rad\n"
     ]
    }
   ],
   "source": [
    "E = Input(\"Young's Modulus\", YoungsModulus, YM_Unit)\n",
    "\n",
    "A = Input(\"Area\", Area, A_Unit)\n",
    "\n",
    "nodes = Input(\"Node numbers\", nArray, \"None\")\n",
    "nodes.printValues()\n",
    "\n",
    "lengths = Input(\"Lengths\", lArray, Length_unit)\n",
    "lengths.printValues()\n",
    "\n",
    "angles = Input(\"Element Angles (relative to the positive x axis)\", aArray, Angle_unit)\n",
    "angles.printValues()"
   ]
  },
  {
   "attachments": {},
   "cell_type": "markdown",
   "metadata": {},
   "source": [
    "number of elements is the number of rows in nodes\n",
    "<br>number of nodes is the maximum number found in nodes"
   ]
  },
  {
   "cell_type": "code",
   "execution_count": 120,
   "metadata": {},
   "outputs": [
    {
     "name": "stdout",
     "output_type": "stream",
     "text": [
      "Number of elements: 15\n",
      "Number of nodes: 9\n"
     ]
    }
   ],
   "source": [
    "numElems = len(nodes.value)\n",
    "print(f\"Number of elements: {numElems}\")\n",
    "numNodes = nodes.value.max()\n",
    "print(f\"Number of nodes: {numNodes}\")"
   ]
  },
  {
   "attachments": {},
   "cell_type": "markdown",
   "metadata": {},
   "source": [
    "two reactions per node\n",
    "<br>uvList -> list of unknowns (node displacements)\n",
    "<br>we can input our known values -> fixed_nodes at nodes 4 & 5\n",
    "<br>these fixed nodes numbers are taken straight from diagram (not adjusted for python counting)\n",
    "<br><br>u and v for any given node is given as (node# - 1)* 2 and ((node# -1)* 2) + 1 respectively.\n"
   ]
  },
  {
   "cell_type": "code",
   "execution_count": 121,
   "metadata": {},
   "outputs": [
    {
     "name": "stdout",
     "output_type": "stream",
     "text": [
      "displacement bcs: [node number, x disp (u), y disp (v)]\n",
      "[[1 0 0]\n",
      " [2 0 None]]\n",
      "adjusting array to account for: displacements boundary conditions\n",
      "case 1 for BC 1\n",
      "Case 2 for BC 1\n",
      "case 1 for BC 2\n",
      "case 4 for BC 2\n",
      "done adjusting displacements array!\n",
      "u & v list:\n",
      "[0, 0, 0, None, None, None, None, None, None, None, None, None, None, None, None, None, None, None]\n"
     ]
    }
   ],
   "source": [
    "uvList = [None]*(numNodes*2)\n",
    "print(\"displacement bcs: [node number, x disp (u), y disp (v)]\")\n",
    "print(uv_BCs)\n",
    "\n",
    "adjust_array(uvList, uv_BCs, \"displacements\")\n",
    "print(\"u & v list:\")\n",
    "print(uvList)"
   ]
  },
  {
   "attachments": {},
   "cell_type": "markdown",
   "metadata": {},
   "source": [
    "Same procedure as displacement BCs for forces\n",
    "<br>Input BCs given as : [node #, x force, y force]"
   ]
  },
  {
   "cell_type": "code",
   "execution_count": 122,
   "metadata": {},
   "outputs": [
    {
     "name": "stdout",
     "output_type": "stream",
     "text": [
      "number of nodes with concentrated loads: 4\n",
      "at nodes: [2, 4, 6, 8] (Python adjusted nodes)\n",
      "adjusting array to account for: forces boundary conditions\n",
      "case 1 for BC 1\n",
      "Case 2 for BC 1\n",
      "case 1 for BC 2\n",
      "case 4 for BC 2\n",
      "case 3 for BC 3\n",
      "Case 2 for BC 3\n",
      "case 3 for BC 4\n",
      "Case 2 for BC 4\n",
      "case 3 for BC 5\n",
      "Case 2 for BC 5\n",
      "case 3 for BC 6\n",
      "Case 2 for BC 6\n",
      "done adjusting forces array!\n",
      "force list: \n",
      "[[    nan]\n",
      " [    nan]\n",
      " [    nan]\n",
      " [     0.]\n",
      " [     0.]\n",
      " [-10000.]\n",
      " [     0.]\n",
      " [     0.]\n",
      " [     0.]\n",
      " [-10000.]\n",
      " [     0.]\n",
      " [     0.]\n",
      " [     0.]\n",
      " [-10000.]\n",
      " [     0.]\n",
      " [     0.]\n",
      " [     0.]\n",
      " [-10000.]]\n"
     ]
    }
   ],
   "source": [
    "#forceList = [0]*(numNodes*2)\n",
    "forceList = np.zeros(((numNodes*2), 1))\n",
    "\n",
    "nodesWithLoads = []\n",
    "\n",
    "loadedNodes = 0\n",
    "\n",
    "for i in range(len(force_BCs)):\n",
    "    if (force_BCs[i,1]!= None and force_BCs[i,1] != 0) or (force_BCs[i,2] != None and force_BCs[i,2] != 0):\n",
    "        loadedNodes += 1\n",
    "        nodesWithLoads.append((force_BCs[i,0] - 1))\n",
    "\n",
    "\n",
    "print(f\"number of nodes with concentrated loads: {loadedNodes}\")\n",
    "print(f\"at nodes: {nodesWithLoads} (Python adjusted nodes)\")\n",
    "\n",
    "#adjust force array given concentrated loading conditions\n",
    "adjust_array(forceList, force_BCs, \"forces\")\n",
    "\n",
    "print(f\"force list: \\n{forceList}\")"
   ]
  },
  {
   "attachments": {},
   "cell_type": "markdown",
   "metadata": {},
   "source": [
    "Global [k] matrix is a symmetric array of shape (numNodes x 2, numNodes x 2)\n",
    "<br>Bar Constants are one per element, stored in a numElemes * 1 array."
   ]
  },
  {
   "cell_type": "code",
   "execution_count": 123,
   "metadata": {},
   "outputs": [
    {
     "name": "stdout",
     "output_type": "stream",
     "text": [
      "Global K array dimensions: (18, 18)\n",
      "Bar Constants = \n",
      "[[12000.        ]\n",
      " [20000.        ]\n",
      " [12493.90095102]\n",
      " [18461.53846154]\n",
      " [16000.        ]\n",
      " [20000.        ]\n",
      " [15364.42559176]\n",
      " [18461.53846154]\n",
      " [24000.        ]\n",
      " [20000.        ]\n",
      " [18461.53846154]\n",
      " [18461.53846154]\n",
      " [48000.        ]\n",
      " [20000.        ]\n",
      " [18461.53846154]]\n"
     ]
    }
   ],
   "source": [
    "globalK = np.zeros(((numNodes*2),(numNodes*2)))\n",
    "print(f\"Global K array dimensions: {globalK.shape}\")\n",
    "\n",
    "barConstant = np.zeros((numElems,1))\n",
    "for i in range(numElems):\n",
    "    barConstant[i] = (E.value*A.value)/lengths.value[i]\n",
    "\n",
    "print(f\"Bar Constants = \\n{barConstant}\")"
   ]
  },
  {
   "attachments": {},
   "cell_type": "markdown",
   "metadata": {},
   "source": [
    "## Creating the finite element equation for each Truss Element\n",
    "### Combining into the global K array"
   ]
  },
  {
   "cell_type": "code",
   "execution_count": 124,
   "metadata": {},
   "outputs": [
    {
     "name": "stdout",
     "output_type": "stream",
     "text": [
      "\n",
      "k matrix for element 1: \n",
      "[[     0.      0.     -0.     -0.]\n",
      " [     0.  12000.     -0. -12000.]\n",
      " [    -0.     -0.      0.      0.]\n",
      " [    -0. -12000.      0.  12000.]]\n",
      "Element 1 starting at node: 1 and ending at node: 2\n",
      "\n",
      "k matrix for element 2: \n",
      "[[ 20000.      0. -20000.     -0.]\n",
      " [     0.      0.     -0.     -0.]\n",
      " [-20000.     -0.  20000.      0.]\n",
      " [    -0.     -0.      0.      0.]]\n",
      "Element 2 starting at node: 1 and ending at node: 3\n",
      "\n",
      "k matrix for element 3: \n",
      "[[ 4875.66866381 -6094.58582977 -4875.66866381  6094.58582977]\n",
      " [-6094.58582977  7618.23228721  6094.58582977 -7618.23228721]\n",
      " [-4875.66866381  6094.58582977  4875.66866381 -6094.58582977]\n",
      " [ 6094.58582977 -7618.23228721 -6094.58582977  7618.23228721]]\n",
      "Element 3 starting at node: 1 and ending at node: 4\n",
      "\n",
      "k matrix for element 4: \n",
      "[[ 15730.5416477    6554.39235321 -15730.5416477   -6554.39235321]\n",
      " [  6554.39235321   2730.99681384  -6554.39235321  -2730.99681384]\n",
      " [-15730.5416477   -6554.39235321  15730.5416477    6554.39235321]\n",
      " [ -6554.39235321  -2730.99681384   6554.39235321   2730.99681384]]\n",
      "Element 4 starting at node: 2 and ending at node: 4\n",
      "\n",
      "k matrix for element 5: \n",
      "[[     0.      0.     -0.     -0.]\n",
      " [     0.  16000.     -0. -16000.]\n",
      " [    -0.     -0.      0.      0.]\n",
      " [    -0. -16000.      0.  16000.]]\n",
      "Element 5 starting at node: 3 and ending at node: 4\n",
      "\n",
      "k matrix for element 6: \n",
      "[[ 20000.      0. -20000.     -0.]\n",
      " [     0.      0.     -0.     -0.]\n",
      " [-20000.     -0.  20000.      0.]\n",
      " [    -0.     -0.      0.      0.]]\n",
      "Element 6 starting at node: 3 and ending at node: 5\n",
      "\n",
      "k matrix for element 7: \n",
      "[[ 9067.52985743 -7556.2748812  -9067.52985743  7556.2748812 ]\n",
      " [-7556.2748812   6296.89573433  7556.2748812  -6296.89573433]\n",
      " [-9067.52985743  7556.2748812   9067.52985743 -7556.2748812 ]\n",
      " [ 7556.2748812  -6296.89573433 -7556.2748812   6296.89573433]]\n",
      "Element 7 starting at node: 3 and ending at node: 6\n",
      "\n",
      "k matrix for element 8: \n",
      "[[ 15730.5416477    6554.39235321 -15730.5416477   -6554.39235321]\n",
      " [  6554.39235321   2730.99681384  -6554.39235321  -2730.99681384]\n",
      " [-15730.5416477   -6554.39235321  15730.5416477    6554.39235321]\n",
      " [ -6554.39235321  -2730.99681384   6554.39235321   2730.99681384]]\n",
      "Element 8 starting at node: 4 and ending at node: 6\n",
      "\n",
      "k matrix for element 9: \n",
      "[[     0.      0.     -0.     -0.]\n",
      " [     0.  24000.     -0. -24000.]\n",
      " [    -0.     -0.      0.      0.]\n",
      " [    -0. -24000.      0.  24000.]]\n",
      "Element 9 starting at node: 5 and ending at node: 6\n",
      "\n",
      "k matrix for element 10: \n",
      "[[ 20000.      0. -20000.     -0.]\n",
      " [     0.      0.     -0.     -0.]\n",
      " [-20000.     -0.  20000.      0.]\n",
      " [    -0.     -0.      0.      0.]]\n",
      "Element 10 starting at node: 5 and ending at node: 7\n",
      "\n",
      "k matrix for element 11: \n",
      "[[ 15730.5416477   -6554.39235321 -15730.5416477    6554.39235321]\n",
      " [ -6554.39235321   2730.99681384   6554.39235321  -2730.99681384]\n",
      " [-15730.5416477    6554.39235321  15730.5416477   -6554.39235321]\n",
      " [  6554.39235321  -2730.99681384  -6554.39235321   2730.99681384]]\n",
      "Element 11 starting at node: 5 and ending at node: 8\n",
      "\n",
      "k matrix for element 12: \n",
      "[[ 15730.5416477    6554.39235321 -15730.5416477   -6554.39235321]\n",
      " [  6554.39235321   2730.99681384  -6554.39235321  -2730.99681384]\n",
      " [-15730.5416477   -6554.39235321  15730.5416477    6554.39235321]\n",
      " [ -6554.39235321  -2730.99681384   6554.39235321   2730.99681384]]\n",
      "Element 12 starting at node: 6 and ending at node: 8\n",
      "\n",
      "k matrix for element 13: \n",
      "[[     0.      0.     -0.     -0.]\n",
      " [     0.  48000.     -0. -48000.]\n",
      " [    -0.     -0.      0.      0.]\n",
      " [    -0. -48000.      0.  48000.]]\n",
      "Element 13 starting at node: 7 and ending at node: 8\n",
      "\n",
      "k matrix for element 14: \n",
      "[[ 20000.      0. -20000.     -0.]\n",
      " [     0.      0.     -0.     -0.]\n",
      " [-20000.     -0.  20000.      0.]\n",
      " [    -0.     -0.      0.      0.]]\n",
      "Element 14 starting at node: 7 and ending at node: 9\n",
      "\n",
      "k matrix for element 15: \n",
      "[[ 15730.5416477    6554.39235321 -15730.5416477   -6554.39235321]\n",
      " [  6554.39235321   2730.99681384  -6554.39235321  -2730.99681384]\n",
      " [-15730.5416477   -6554.39235321  15730.5416477    6554.39235321]\n",
      " [ -6554.39235321  -2730.99681384   6554.39235321   2730.99681384]]\n",
      "Element 15 starting at node: 8 and ending at node: 9\n",
      "\n",
      "Global K matrix: \n",
      "[[ 24875.66866381  -6094.58582977     -0.             -0.\n",
      "  -20000.              0.          -4875.66866381   6094.58582977\n",
      "       0.              0.              0.              0.\n",
      "       0.              0.              0.              0.\n",
      "       0.              0.        ]\n",
      " [ -6094.58582977  19618.23228721     -0.         -12000.\n",
      "       0.              0.           6094.58582977  -7618.23228721\n",
      "       0.              0.              0.              0.\n",
      "       0.              0.              0.              0.\n",
      "       0.              0.        ]\n",
      " [    -0.             -0.          15730.5416477    6554.39235321\n",
      "       0.              0.         -15730.5416477   -6554.39235321\n",
      "       0.              0.              0.              0.\n",
      "       0.              0.              0.              0.\n",
      "       0.              0.        ]\n",
      " [    -0.         -12000.           6554.39235321  14730.99681384\n",
      "       0.              0.          -6554.39235321  -2730.99681384\n",
      "       0.              0.              0.              0.\n",
      "       0.              0.              0.              0.\n",
      "       0.              0.        ]\n",
      " [-20000.              0.              0.              0.\n",
      "   49067.52985743  -7556.2748812      -0.             -0.\n",
      "  -20000.              0.          -9067.52985743   7556.2748812\n",
      "       0.              0.              0.              0.\n",
      "       0.              0.        ]\n",
      " [     0.              0.              0.              0.\n",
      "   -7556.2748812   22296.89573433     -0.         -16000.\n",
      "       0.              0.           7556.2748812   -6296.89573433\n",
      "       0.              0.              0.              0.\n",
      "       0.              0.        ]\n",
      " [ -4875.66866381   6094.58582977 -15730.5416477   -6554.39235321\n",
      "      -0.             -0.          36336.75195922   7014.19887665\n",
      "       0.              0.         -15730.5416477   -6554.39235321\n",
      "       0.              0.              0.              0.\n",
      "       0.              0.        ]\n",
      " [  6094.58582977  -7618.23228721  -6554.39235321  -2730.99681384\n",
      "      -0.         -16000.           7014.19887665  29080.22591488\n",
      "       0.              0.          -6554.39235321  -2730.99681384\n",
      "       0.              0.              0.              0.\n",
      "       0.              0.        ]\n",
      " [     0.              0.              0.              0.\n",
      "  -20000.              0.              0.              0.\n",
      "   55730.5416477   -6554.39235321     -0.             -0.\n",
      "  -20000.              0.         -15730.5416477    6554.39235321\n",
      "       0.              0.        ]\n",
      " [     0.              0.              0.              0.\n",
      "       0.              0.              0.              0.\n",
      "   -6554.39235321  26730.99681384     -0.         -24000.\n",
      "       0.              0.           6554.39235321  -2730.99681384\n",
      "       0.              0.        ]\n",
      " [     0.              0.              0.              0.\n",
      "   -9067.52985743   7556.2748812  -15730.5416477   -6554.39235321\n",
      "      -0.             -0.          40528.61315284   5552.50982522\n",
      "       0.              0.         -15730.5416477   -6554.39235321\n",
      "       0.              0.        ]\n",
      " [     0.              0.              0.              0.\n",
      "    7556.2748812   -6296.89573433  -6554.39235321  -2730.99681384\n",
      "      -0.         -24000.           5552.50982522  35758.889362\n",
      "       0.              0.          -6554.39235321  -2730.99681384\n",
      "       0.              0.        ]\n",
      " [     0.              0.              0.              0.\n",
      "       0.              0.              0.              0.\n",
      "  -20000.              0.              0.              0.\n",
      "   40000.              0.             -0.             -0.\n",
      "  -20000.              0.        ]\n",
      " [     0.              0.              0.              0.\n",
      "       0.              0.              0.              0.\n",
      "       0.              0.              0.              0.\n",
      "       0.          48000.             -0.         -48000.\n",
      "       0.              0.        ]\n",
      " [     0.              0.              0.              0.\n",
      "       0.              0.              0.              0.\n",
      "  -15730.5416477    6554.39235321 -15730.5416477   -6554.39235321\n",
      "      -0.             -0.          47191.6249431    6554.39235321\n",
      "  -15730.5416477   -6554.39235321]\n",
      " [     0.              0.              0.              0.\n",
      "       0.              0.              0.              0.\n",
      "    6554.39235321  -2730.99681384  -6554.39235321  -2730.99681384\n",
      "      -0.         -48000.           6554.39235321  56192.99044151\n",
      "   -6554.39235321  -2730.99681384]\n",
      " [     0.              0.              0.              0.\n",
      "       0.              0.              0.              0.\n",
      "       0.              0.              0.              0.\n",
      "  -20000.              0.         -15730.5416477   -6554.39235321\n",
      "   35730.5416477    6554.39235321]\n",
      " [     0.              0.              0.              0.\n",
      "       0.              0.              0.              0.\n",
      "       0.              0.              0.              0.\n",
      "       0.              0.          -6554.39235321  -2730.99681384\n",
      "    6554.39235321   2730.99681384]]\n",
      "The matrix is symmetric. \n",
      "\n"
     ]
    }
   ],
   "source": [
    "for i in range(numElems):\n",
    "    kMatrix = create_truss_k(angles.value[i])\n",
    "    kMatrix *= barConstant[i]\n",
    "    print(f\"\\nk matrix for element {i+1}: \\n{kMatrix}\")\n",
    "    #print(kMatrix)\n",
    "    startNode = nodes.value[i,0]\n",
    "    endNode = nodes.value[i,1]\n",
    "    print(f\"Element {i+1} starting at node: {startNode} and ending at node: {endNode}\")\n",
    "    #print(np.vsplit(kMatrix, 2))\n",
    "    Sn = (startNode - 1)*2\n",
    "    En = (endNode - 1)*2\n",
    "    #first, adjust 0,0 -> then, 2,0; 0,2; and 2,2\n",
    "    block_array_adjust(Sn, Sn, globalK, 0, 0, kMatrix)\n",
    "    block_array_adjust(En, Sn, globalK, 2, 0, kMatrix)\n",
    "    block_array_adjust(Sn, En, globalK, 0, 2, kMatrix)\n",
    "    block_array_adjust(En, En, globalK, 2, 2, kMatrix)\n",
    "\n",
    "print(f\"\\nGlobal K matrix: \\n{globalK}\")\n",
    "unmodified_globalK = globalK.copy()\n",
    "check_Symmetric(globalK)"
   ]
  },
  {
   "cell_type": "code",
   "execution_count": 125,
   "metadata": {},
   "outputs": [
    {
     "name": "stdout",
     "output_type": "stream",
     "text": [
      "0\n",
      "u = 0 at row: 0\n",
      "1\n",
      "u = 0 at row: 1\n",
      "2\n",
      "u = 0 at row: 2\n",
      "3\n",
      "none detected at row 3\n",
      "4\n",
      "none detected at row 4\n",
      "5\n",
      "none detected at row 5\n",
      "6\n",
      "none detected at row 6\n",
      "7\n",
      "none detected at row 7\n",
      "8\n",
      "none detected at row 8\n",
      "9\n",
      "none detected at row 9\n",
      "10\n",
      "none detected at row 10\n",
      "11\n",
      "none detected at row 11\n",
      "12\n",
      "none detected at row 12\n",
      "13\n",
      "none detected at row 13\n",
      "14\n",
      "none detected at row 14\n",
      "15\n",
      "none detected at row 15\n",
      "16\n",
      "none detected at row 16\n",
      "17\n",
      "none detected at row 17\n",
      "[[     1.              0.              0.              0.\n",
      "       0.              0.              0.              0.\n",
      "       0.              0.              0.              0.\n",
      "       0.              0.              0.              0.\n",
      "       0.              0.        ]\n",
      " [     0.              1.              0.              0.\n",
      "       0.              0.              0.              0.\n",
      "       0.              0.              0.              0.\n",
      "       0.              0.              0.              0.\n",
      "       0.              0.        ]\n",
      " [     0.              0.              1.              0.\n",
      "       0.              0.              0.              0.\n",
      "       0.              0.              0.              0.\n",
      "       0.              0.              0.              0.\n",
      "       0.              0.        ]\n",
      " [    -0.         -12000.           6554.39235321  14730.99681384\n",
      "       0.              0.          -6554.39235321  -2730.99681384\n",
      "       0.              0.              0.              0.\n",
      "       0.              0.              0.              0.\n",
      "       0.              0.        ]\n",
      " [-20000.              0.              0.              0.\n",
      "   49067.52985743  -7556.2748812      -0.             -0.\n",
      "  -20000.              0.          -9067.52985743   7556.2748812\n",
      "       0.              0.              0.              0.\n",
      "       0.              0.        ]\n",
      " [     0.              0.              0.              0.\n",
      "   -7556.2748812   22296.89573433     -0.         -16000.\n",
      "       0.              0.           7556.2748812   -6296.89573433\n",
      "       0.              0.              0.              0.\n",
      "       0.              0.        ]\n",
      " [ -4875.66866381   6094.58582977 -15730.5416477   -6554.39235321\n",
      "      -0.             -0.          36336.75195922   7014.19887665\n",
      "       0.              0.         -15730.5416477   -6554.39235321\n",
      "       0.              0.              0.              0.\n",
      "       0.              0.        ]\n",
      " [  6094.58582977  -7618.23228721  -6554.39235321  -2730.99681384\n",
      "      -0.         -16000.           7014.19887665  29080.22591488\n",
      "       0.              0.          -6554.39235321  -2730.99681384\n",
      "       0.              0.              0.              0.\n",
      "       0.              0.        ]\n",
      " [     0.              0.              0.              0.\n",
      "  -20000.              0.              0.              0.\n",
      "   55730.5416477   -6554.39235321     -0.             -0.\n",
      "  -20000.              0.         -15730.5416477    6554.39235321\n",
      "       0.              0.        ]\n",
      " [     0.              0.              0.              0.\n",
      "       0.              0.              0.              0.\n",
      "   -6554.39235321  26730.99681384     -0.         -24000.\n",
      "       0.              0.           6554.39235321  -2730.99681384\n",
      "       0.              0.        ]\n",
      " [     0.              0.              0.              0.\n",
      "   -9067.52985743   7556.2748812  -15730.5416477   -6554.39235321\n",
      "      -0.             -0.          40528.61315284   5552.50982522\n",
      "       0.              0.         -15730.5416477   -6554.39235321\n",
      "       0.              0.        ]\n",
      " [     0.              0.              0.              0.\n",
      "    7556.2748812   -6296.89573433  -6554.39235321  -2730.99681384\n",
      "      -0.         -24000.           5552.50982522  35758.889362\n",
      "       0.              0.          -6554.39235321  -2730.99681384\n",
      "       0.              0.        ]\n",
      " [     0.              0.              0.              0.\n",
      "       0.              0.              0.              0.\n",
      "  -20000.              0.              0.              0.\n",
      "   40000.              0.             -0.             -0.\n",
      "  -20000.              0.        ]\n",
      " [     0.              0.              0.              0.\n",
      "       0.              0.              0.              0.\n",
      "       0.              0.              0.              0.\n",
      "       0.          48000.             -0.         -48000.\n",
      "       0.              0.        ]\n",
      " [     0.              0.              0.              0.\n",
      "       0.              0.              0.              0.\n",
      "  -15730.5416477    6554.39235321 -15730.5416477   -6554.39235321\n",
      "      -0.             -0.          47191.6249431    6554.39235321\n",
      "  -15730.5416477   -6554.39235321]\n",
      " [     0.              0.              0.              0.\n",
      "       0.              0.              0.              0.\n",
      "    6554.39235321  -2730.99681384  -6554.39235321  -2730.99681384\n",
      "      -0.         -48000.           6554.39235321  56192.99044151\n",
      "   -6554.39235321  -2730.99681384]\n",
      " [     0.              0.              0.              0.\n",
      "       0.              0.              0.              0.\n",
      "       0.              0.              0.              0.\n",
      "  -20000.              0.         -15730.5416477   -6554.39235321\n",
      "   35730.5416477    6554.39235321]\n",
      " [     0.              0.              0.              0.\n",
      "       0.              0.              0.              0.\n",
      "       0.              0.              0.              0.\n",
      "       0.              0.          -6554.39235321  -2730.99681384\n",
      "    6554.39235321   2730.99681384]]\n",
      "[[     0.]\n",
      " [     0.]\n",
      " [     0.]\n",
      " [     0.]\n",
      " [     0.]\n",
      " [-10000.]\n",
      " [     0.]\n",
      " [     0.]\n",
      " [     0.]\n",
      " [-10000.]\n",
      " [     0.]\n",
      " [     0.]\n",
      " [     0.]\n",
      " [-10000.]\n",
      " [     0.]\n",
      " [     0.]\n",
      " [     0.]\n",
      " [-10000.]]\n"
     ]
    }
   ],
   "source": [
    "j = 0\n",
    "while j < numNodes*2:\n",
    "    print(f\"{j}\")\n",
    "    #if j in nodesWithLoads:\n",
    "     #   j+=2\n",
    "    #first case: displacement BC = 0. In this case, set combined force values to 0, and alter \n",
    "    #globalK to reflect the changes.\n",
    "    if uvList[j] == 0:\n",
    "        print(f\"u = 0 at row: {j}\")\n",
    "        forceList[j] = 0 \n",
    "        globalK[j] = 0\n",
    "        globalK[j,j] = 1\n",
    "        j+=1\n",
    "    elif uvList[j] == None:\n",
    "        print(f\"none detected at row {j}\")\n",
    "        j+=1\n",
    "    else: #when we have a known, non-zero displacement boundary condition\n",
    "        #alter global stiffness to all zeros and one 1, and set force equal to displacement BC\n",
    "        print(f\"row {j} altered\")\n",
    "        print(uvList[j])\n",
    "        forceList[j] = uvList[j]\n",
    "        for c in range(numNodes):\n",
    "            if (globalK[j,c] > 0) == True:\n",
    "                globalK[j,c] = 1\n",
    "            else:\n",
    "                globalK[j,c] = 0\n",
    "        j+=1\n",
    "\n",
    "                \n",
    "print(globalK)\n",
    "print(forceList)"
   ]
  },
  {
   "cell_type": "code",
   "execution_count": 126,
   "metadata": {},
   "outputs": [
    {
     "name": "stdout",
     "output_type": "stream",
     "text": [
      "u1 = [-0.]\n",
      "v1 = [-0.]\n",
      "u2 = [-0.]\n",
      "v2 = [-2.08333333]\n",
      "u3 = [2.4]\n",
      "v3 = [-5.53609553]\n",
      "u4 = [-2.89641853]\n",
      "v4 = [-4.28609553]\n",
      "u5 = [4.2]\n",
      "v5 = [-13.48139753]\n",
      "u6 = [-2.37684825]\n",
      "v6 = [-12.85639753]\n",
      "u7 = [5.4]\n",
      "v7 = [-24.93111543]\n",
      "u8 = [0.27893699]\n",
      "v8 = [-24.7227821]\n",
      "u9 = [6.6]\n",
      "v9 = [-43.555]\n"
     ]
    }
   ],
   "source": [
    "#globalK.round(0)\n",
    "globalK_inv = inv(globalK)\n",
    "#print(globalK_inv)\n",
    "\n",
    "node = 1\n",
    "\n",
    "uFinal = np.matmul(globalK_inv, forceList)\n",
    "\n",
    "for i in range(len(uFinal)):\n",
    "    if check_even(i) == True:\n",
    "        print(f\"u{node} = {uFinal[i]}\")\n",
    "    else:\n",
    "        print(f\"v{node} = {uFinal[i]}\")\n",
    "        node += 1 "
   ]
  },
  {
   "attachments": {},
   "cell_type": "markdown",
   "metadata": {},
   "source": [
    "Forces can be found from [K]*[u]"
   ]
  },
  {
   "cell_type": "code",
   "execution_count": 127,
   "metadata": {},
   "outputs": [
    {
     "name": "stdout",
     "output_type": "stream",
     "text": [
      "Final Forces: \n",
      "[[-60000.]\n",
      " [ 40000.]\n",
      " [ 60000.]\n",
      " [    -0.]\n",
      " [    -0.]\n",
      " [-10000.]\n",
      " [     0.]\n",
      " [     0.]\n",
      " [     0.]\n",
      " [-10000.]\n",
      " [     0.]\n",
      " [     0.]\n",
      " [     0.]\n",
      " [-10000.]\n",
      " [     0.]\n",
      " [    -0.]\n",
      " [     0.]\n",
      " [-10000.]]\n",
      "fx1 = [-60000.]\n",
      "fy1 = [40000.]\n",
      "fx2 = [60000.]\n",
      "fy2 = [-0.]\n",
      "fx3 = [-0.]\n",
      "fy3 = [-10000.]\n",
      "fx4 = [0.]\n",
      "fy4 = [0.]\n",
      "fx5 = [0.]\n",
      "fy5 = [-10000.]\n",
      "fx6 = [0.]\n",
      "fy6 = [0.]\n",
      "fx7 = [0.]\n",
      "fy7 = [-10000.]\n",
      "fx8 = [0.]\n",
      "fy8 = [-0.]\n",
      "fx9 = [0.]\n",
      "fy9 = [-10000.]\n"
     ]
    }
   ],
   "source": [
    "forcesFinal = np.matmul(unmodified_globalK, uFinal)\n",
    "for i in range(len(forceList)):\n",
    "    if forceList[i] != forcesFinal[i] and forceList[i] != 0 and forceList[i] != None:\n",
    "        forcesFinal[i] = forceList[i]\n",
    "print(f\"Final Forces: \\n{forcesFinal}\")\n",
    "\n",
    "node = 1\n",
    "\n",
    "for i in range(len(forcesFinal)):\n",
    "    if check_even(i) == True:\n",
    "        print(f\"fx{node} = {forcesFinal[i]}\")\n",
    "    else:\n",
    "        print(f\"fy{node} = {forcesFinal[i]}\")\n",
    "        node += 1 \n"
   ]
  },
  {
   "attachments": {},
   "cell_type": "markdown",
   "metadata": {},
   "source": [
    "## Finding Stresses"
   ]
  },
  {
   "cell_type": "code",
   "execution_count": 128,
   "metadata": {},
   "outputs": [
    {
     "name": "stdout",
     "output_type": "stream",
     "text": [
      "[[0.]\n",
      " [0.]\n",
      " [0.]\n",
      " [0.]\n",
      " [0.]\n",
      " [0.]\n",
      " [0.]\n",
      " [0.]\n",
      " [0.]\n",
      " [0.]\n",
      " [0.]\n",
      " [0.]\n",
      " [0.]\n",
      " [0.]\n",
      " [0.]]\n",
      "Element 1 starts at node: 1 and ends at node: 2\n",
      "adjusted start node: 0 adjusted end node: 2\n",
      "trigMatrix = \n",
      "[[-0. -1.  0.  0.]\n",
      " [ 0.  0. -0. -1.]]\n",
      "local u matrix: \n",
      "[[-0.        ]\n",
      " [-0.        ]\n",
      " [-0.        ]\n",
      " [-2.08333333]]\n",
      "local length matrix: \n",
      "[[-0.0002  0.0002]]\n",
      "Stress in element = [[50.]]\n",
      "Element 2 starts at node: 1 and ends at node: 3\n",
      "adjusted start node: 0 adjusted end node: 4\n",
      "trigMatrix = \n",
      "[[1. 0. 0. 0.]\n",
      " [0. 0. 1. 0.]]\n",
      "local u matrix: \n",
      "[[-0.        ]\n",
      " [-0.        ]\n",
      " [ 2.4       ]\n",
      " [-5.53609553]]\n",
      "local length matrix: \n",
      "[[-0.00033333  0.00033333]]\n",
      "Stress in element = [[96.]]\n",
      "Element 3 starts at node: 1 and ends at node: 4\n",
      "adjusted start node: 0 adjusted end node: 6\n",
      "trigMatrix = \n",
      "[[ 0.62469505 -0.78086881  0.          0.        ]\n",
      " [ 0.          0.          0.62469505 -0.78086881]]\n",
      "local u matrix: \n",
      "[[-0.        ]\n",
      " [-0.        ]\n",
      " [-2.89641853]\n",
      " [-4.28609553]]\n",
      "local length matrix: \n",
      "[[-0.00020823  0.00020823]]\n",
      "Stress in element = [[38.41874542]]\n",
      "Element 4 starts at node: 2 and ends at node: 4\n",
      "adjusted start node: 2 adjusted end node: 6\n",
      "trigMatrix = \n",
      "[[0.92307692 0.38461538 0.         0.        ]\n",
      " [0.         0.         0.92307692 0.38461538]]\n",
      "local u matrix: \n",
      "[[-0.        ]\n",
      " [-2.08333333]\n",
      " [-2.89641853]\n",
      " [-4.28609553]]\n",
      "local length matrix: \n",
      "[[-0.00030769  0.00030769]]\n",
      "Stress in element = [[-130.]]\n",
      "Element 5 starts at node: 3 and ends at node: 4\n",
      "adjusted start node: 4 adjusted end node: 6\n",
      "trigMatrix = \n",
      "[[-0. -1.  0.  0.]\n",
      " [ 0.  0. -0. -1.]]\n",
      "local u matrix: \n",
      "[[ 2.4       ]\n",
      " [-5.53609553]\n",
      " [-2.89641853]\n",
      " [-4.28609553]]\n",
      "local length matrix: \n",
      "[[-0.00026667  0.00026667]]\n",
      "Stress in element = [[-40.]]\n",
      "Element 6 starts at node: 3 and ends at node: 5\n",
      "adjusted start node: 4 adjusted end node: 8\n",
      "trigMatrix = \n",
      "[[1. 0. 0. 0.]\n",
      " [0. 0. 1. 0.]]\n",
      "local u matrix: \n",
      "[[  2.4       ]\n",
      " [ -5.53609553]\n",
      " [  4.2       ]\n",
      " [-13.48139753]]\n",
      "local length matrix: \n",
      "[[-0.00033333  0.00033333]]\n",
      "Stress in element = [[72.]]\n",
      "Element 7 starts at node: 3 and ends at node: 6\n",
      "adjusted start node: 4 adjusted end node: 10\n",
      "trigMatrix = \n",
      "[[ 0.76822128 -0.6401844   0.          0.        ]\n",
      " [ 0.          0.          0.76822128 -0.6401844 ]]\n",
      "local u matrix: \n",
      "[[  2.4       ]\n",
      " [ -5.53609553]\n",
      " [ -2.37684825]\n",
      " [-12.85639753]]\n",
      "local length matrix: \n",
      "[[-0.00025607  0.00025607]]\n",
      "Stress in element = [[31.2409987]]\n",
      "Element 8 starts at node: 4 and ends at node: 6\n",
      "adjusted start node: 6 adjusted end node: 10\n",
      "trigMatrix = \n",
      "[[0.92307692 0.38461538 0.         0.        ]\n",
      " [0.         0.         0.92307692 0.38461538]]\n",
      "local u matrix: \n",
      "[[ -2.89641853]\n",
      " [ -4.28609553]\n",
      " [ -2.37684825]\n",
      " [-12.85639753]]\n",
      "local length matrix: \n",
      "[[-0.00030769  0.00030769]]\n",
      "Stress in element = [[-104.]]\n",
      "Element 9 starts at node: 5 and ends at node: 6\n",
      "adjusted start node: 8 adjusted end node: 10\n",
      "trigMatrix = \n",
      "[[-0. -1.  0.  0.]\n",
      " [ 0.  0. -0. -1.]]\n",
      "local u matrix: \n",
      "[[  4.2       ]\n",
      " [-13.48139753]\n",
      " [ -2.37684825]\n",
      " [-12.85639753]]\n",
      "local length matrix: \n",
      "[[-0.0004  0.0004]]\n",
      "Stress in element = [[-30.]]\n",
      "Element 10 starts at node: 5 and ends at node: 7\n",
