Numerical Outputs for HW6 Problem 302

u1 = 0.0 m
phi1 = -0.0069511 rad
u2 = -0.0114631 m
phi2 = -0.0055911 rad
u3 = -0.014376 m
phi3 = 0.0005758 rad
u4 = -0.010024 m
phi4 = 0.0073353 rad
u5 = 0.0 m
phi5 = 0.0105156 rad

Forces, Moments = 
[67.0, 40.0, -67.0, 67.2, 67.0, -67.2, -8.3333, 107.3778, 8.3333, -107.3778, 50.3333, 84.9778, -50.3333, -84.9778, 109.0, -0.0]
N, N*m

Maximum transverse shear stress = 144949.0285 Pa

Maximum bending stress = 23978634.6849 Pa